# 0 is B in midstaff
treble = []
line1 = [[7,1],[8,1],[0,1],[7,2],[8,3] , [7,1],[8,1],[0,1],[8,2],[7,2],[-2,1] , [5,1],[7,1],[-2,1],[5,2],[7,2],[-2,1]]
line2 = [[3,4],[1,4] , [7,1],[8,1],[0,1],[7,2],[8,3] , [8,1],[7,1],[0,1],[8,2],[7,2],[-2,1]]
line3 = [[5,1],[7,1],[-2,1],[5,2],[7,2],[-2,1] , [3,4],[2,3],[-7,1] , [0,2],[0,2],[0,2],[0,1],[0,1]]
line4 = [[0,1],[-2,1],[-4,1],[-4,3],[-4,1],[-4,1] , [-2,1],[-2,4],[-4,1],[-5,1], [-7,8] , [-7,1]] # contains tied note
line5 = [[0,1],[0,1],[0,1],[0,3],[3,1], [3,3] , [0,4],[-4,1],[-4,1] , [-2,1],[0,4],[-2,1],[-4,1] , [0,9]] # contains two tied notes, first measure of next line
line6 = [["rest",2],[0,1],[0,2],[3,2] , [5,3] , [3,2],[0,2],[3,2] , [3,2],[3,1],[1,2],[0,2],[1,1]] # conatins tied note
line7 = [[0,8] , ["rest",2],[-2,1],[0,1],[-2,1],[-4,2] , [-2,3] , [-2,1],[0,1],[-2,2],[-4,2] , [-7,8] , ["rest",8]] #contains tied note
line8and9and10 = [["rest",2],[-2,1],[-2,2],[3,2] , [3,3] , [-2,1],[-2,2],[5,2] , [5,3] , [5,1],[3,1],[5,1],[5,2],[3,1] , [5,1],[7,2],[8,2],[7,2] , [7,3] , [-2,1],[-2,2],[3,2] , [3,3] , [-2,1],[3,2],[-2,1] , [5,15] , [3,1],[5,1]] # contains tied note, first measure of next line
line11and12and13 = [["rest",1],[7,2] , [8,9] , ["rest",1],[5,1],[7,1] , [8,6] , [3,1],[3,1] , [10,7] , [8,2] , [5,2],[5,2],[5,1],[6,2] , [8,5] , ["rest",1],[5,1],[7,1] , [8,6] , [3,1],[12,1] , [10,6] , [8,1],[10,1] , [12,2] , [12,2],[13,2],[12,1],[10,1],[8,1]] # contains tied note, first measure of next line
line14and15 = [[10,1],[8,7] , [15,3],[12,3] , [10,6] , [8,2],[8,2] , [15,3],[12,3] , [8,8] , [8,1],[8,1]] # contains tied note
line16 = [[7,3],[3,3] , [5,9] , [-4,1] , [1,2],[1,1],[0,1],[1,1],[0,1],[1,1],[1,1]] // contains tied note
line17 = [[0,1],[-4,7]]

# 0 is D in midstaff
base = []
baseLine1and2and3and4and5and6 = [[2,8] , [-2,8] , [0,8] , [-5,8] , [2,8] , [-2,8] , [0,8] , [-5,8] , [2,8] , [-2,8] , [0,8] , [-5,8] , [2,8] , [-2,8] , [0,8] , [-5,8] , [2,8] , [-2,8] , [0,8]]
baseLine7 = [[-5,8] , [2,8] , [0,8] , [-5,2],[2,2],[-5,4] , [-5,8]]
baseLine8and9and10 = [[0,8] , [0,8] , [-2,8] , [-2,8] , [0,8] , [0,8] , [-2,2] , [-2,2] , [-2,2] , [-2,2]]
baseLine11 = [[-2,2],[-2,2],[-2,2],["rest",2] , [-2,2],[-2,2],[-2,2],[-2,2] , [-2,2],[-2,2],[-2,2],["rest",2]]
baseLine12and13and14and15 = [[5,2],[5,2],[5,2],[5,2] , [0,2],[0,2],[0,2],[0,2] , [2,2],[2,2],[2,2],[2,2] , [-2,2],[-2,2],[-2,2],[-2,2] , [5,2],[5,2],[5,2],[5,2] , [0,2],[0,2],[0,2],[0,2] , [2,2],[2,2],[2,2],[2,2] , [-2,2],[-2,2],[-2,2],[-2,2] , [5,2],[5,2],[5,2],[5,2] , [0,2],[0,2],[0,2],[0,2] , [2,2],[2,2],[2,2],[2,2] , [-2,2],[-2,2],[-2,2],[-2,2]]
baseLine16and17 = [[-3,6] , [0,10] , [-2,12] , ["rest",4]]
